Add F   Add L   Ins     Rem F   Rem L   Rem IND
0       0       0       0       0       0
0       0       0       1000000 0       0
0       0       1000000 0       0       1000000
0       1000000 0       0       1000000 0
0       1000000 0       0       1000000 0
0       1000000 0       0       1000000 0
0       1000000 0       1001000 0       1000000
0       0       1000000 0       0       1000000
0       0       0       0       1000000 0
0       1000000 0       0       1000000 0
1000000 0       1001000 0       0       1000000
0       1000000 0       0       0       0
1000000 0       0       0       0       0
0       0       0       1000000 0       0
0       0       0       1000000 0       0
0       1000000 0       0       1000000 0
1000000 0       0       1000000 0       0
1000000 0       0       1000000 0       0
0       0       0       1000000 0       0
1000000 0       0       1000000 0       1000000
1000000 0       0       1000000 0       0
0       0       0       0       1000000 0
0       1001000 0       0       0       0
0       0       0       0       0       1000000
0       0       0       0       0       0
0       1000000 0       0       0       1000000
0       0       0       0       0       1000000
0       0       0       0       0       0
1000000 0       0       1000000 0       0
1000000 0       0       1000000 0       0
0       0       0       0       1000000 0
0       1000000 0       0       1000000 0
0       1000000 0       0       1000000 0
0       1000000 0       0       1000000 0
1000000 0       0       1000000 0       0
0       0       0       0       0       0
0       0       0       0       0       0
0       0       0       1000000 0       0
1000000 0       0       0       0       0
1001000 0       0       1000000 0       0
1000000 0       0       1000000 0       0
0       0       0       0       0       0
0       0       0       0       1000000 0
0       0       0       1001000 0       0
1000000 0       0       0       0       1000000
0       0       1000000 0       0       1000000
0       0       1000000 0       0       0
0       0       0       0       0       0
0       1000000 0       0       1000000 0
0       1000000 0       0       1000000 0
0       1000000 0       0       1000000 0
0       0       0       0       0       0
1000000 0       1000000 0       0       1000000
0       0       1000000 0       0       0
0       1000000 0       0       1000000 0
0       0       0       1000000 0       1000000
0       1000000 0       0       1000000 0
0       1000000 0       0       1000000 0
0       0       0       1000000 0       0
1000000 0       0       1000000 0       0
0       0       0       0       1000000 0
0       0       0       0       0       1000000
0       1000000 0       1001000 0       0
0       1000000 0       0       1000000 0
0       0       0       0       0       0
0       0       0       1000000 0       0
0       1000000 0       0       0       1000000
0       0       0       0       0       1000000
9001000 2000000 1001000 0       0       0
0       0       0       1000000 0       0
1000000 0       3000000 0       0       0
0       0       0       0       1000000 0
1000000 0       0       1000000 0       0
0       0       1000000 0       0       1000000
0       0       1000000 0       0       1000000
0       0       0       1000000 0       0
0       1000000 0       1000000 0       1000000
1000000 0       0       1000000 0       0
0       0       0       0       0       0
0       0       1000000 0       1000000 0
0       0       1000000 0       0       1000000
0       1000000 0       1000000 0       0
0       1000000 0       0       0       0
0       0       0       1000000 0       0
0       1000000 0       0       0       0
0       0       1000000 0       1000000 0
2000000 0       0       0       1000000 0
0       1000000 1000000 0       1000000 0
0       0       0       0       0       0
0       0       0       1000000 0       1000000
0       1000000 0       0       0       0
0       0       1000000 0       0       1001000
0       0       0       1000000 0       0
0       0       1000000 0       1000000 0
1000000 0       1000000 0       0       1000000
0       1000000 0       1000000 0       0
1000000 0       1000000 0       0       0
0       0       1000000 0       1000000 0
0       0       0       0       1000000 0
0       0       0       0       0       0