Add F   Add L   Ins     Rem F   Rem L   Rem IND
0       0       0       0       0       0
0       0       0       0       1000000 0
0       0       1000000 0       1001000 0
1000000 0       0       1000000 0       1000000
0       1000000 0       0       1000000 1000000
0       0       1000000 0       1000000 0
1000000 0       1000000 0       1000000 0
1000000 1000000 0       0       1000000 0
1000000 0       1000000 0       1000000 0
1000000 0       0       0       0       0
0       0       1000000 1000000 0       1000000
0       1000000 0       1000000 0       1000000
0       1000000 0       0       0       0
1000000 0       1000000 0       1000000 0
1001000 0       1000000 0       1000000 0
1000000 0       1000000 0       0       1000000
0       0       0       1000000 0       1000000
0       1001000 0       1000000 0       0
1000000 0       1000000 0       0       1000000
1000000 0       1000000 0       0       1000000
0       1000000 0       1000000 0       0
0       0       1000000 0       1000000 0
0       1000000 0       1000000 0       1000000
0       1000000 0       1000000 0       1000000
1000000 0       1000000 0       1000000 0
0       0       0       0       0       0
0       0       0       0       1000000 0
1000000 0       1000000 0       0       1000000
0       0       0       0       0       1000000
0       1000000 0       1000000 0       1000000
0       1000000 0       0       0       0
0       0       0       0       1000000 0
0       0       1000000 0       0       0
1000000 0       0       1000000 0       1001000
0       1000000 0       0       1000000 0
0       1000000 0       0       0       0
1000000 0       0       0       0       1000000
0       1000000 1000000 0       0       1000000
0       1001000 0       1000000 1000000 0
1000000 0       0       0       1000000 0
0       0       1000000 0       1000000 0
1000000 0       0       0       0       0
1001000 0       1000000 0       1000000 0
0       0       0       1000000 0       1000000
0       1000000 0       1000000 0       0
0       1000000 1000000 0       1000000 0
1000000 1000000 0       1000000 0       1000000
0       0       0       1000000 0       1000000
0       0       0       0       1000000 0
0       0       0       0       0       0
0       0       0       1000000 0       1000000
0       1000000 0       0       0       0
1000000 0       1000000 0       1000000 0
0       1000000 0       1000000 0       0
0       1000000 0       1000000 0       1000000
0       0       0       1000000 0       1000000
1000000 0       1000000 0       0       1000000
1000000 0       1000000 0       1000000 0
0       1000000 0       0       1000000 0
0       1000000 0       1001000 0       1000000
0       1000000 0       1000000 0       0
1000000 0       1000000 0       1000000 0
0       1000000 0       0       0       0
1000000 0       0       0       0       1000000
1000000 0       1001000 0       0       1000000
0       1000000 0       1000000 0       1000000
0       0       0       1000000 0       1000000
0       1000000 0       1001000 0       1000000
0       1000000 0       0       1000000 0
0       1000000 0       0       1000000 0
1000000 0       1001000 0       0       0
1000000 0       1000000 0       0       0
0       0       0       0       0       1000000
0       0       0       1000000 0       1000000
0       0       0       0       1000000 0
0       1000000 0       1000000 0       1000000
0       1000000 0       1000000 0       0
0       0       0       0       0       1000000
0       1000000 0       1000000 0       1000000
1000000 0       1000000 0       1000000 0
0       1000000 0       1000000 0       1000000
0       1000000 0       1000000 0       1000000
1000000 0       1000000 0       0       0
1001000 0       0       0       0       0
1000000 0       0       0       0       0
0       1000000 0       1000000 0       0
0       0       0       1000000 0       0
1001000 1000000 0       1000000 0       1000000
1000000 0       0       0       0       0
0       1001000 0       1000000 0       0
0       0       1000000 1000000 0       1000000
0       1000000 0       0       0       1000000
0       1000000 0       0       1000000 0
0       0       0       0       0       0
0       0       0       0       0       0
1000000 0       1000000 0       0       0
0       0       1000000 0       1000000 0
1000000 0       0       1000000 1000000 0
0       1000000 0       1000000 0       1000000
0       1000000 0       0       1000000 0