Ins min Ins max Ins middle      Extract
1000000 0       0       2000000
0       0       0       2000000
0       1000000 0       1000000
0       0       0       1000000
0       1000000 0       1001000
0       0       0       2000000
0       1000000 0       1000000
0       0       1000000 1000000
0       0       0       1000000
0       0       0       1000000
0       0       0       1000000
0       1000000 0       2000000
0       0       0       2000000
1000000 0       1000000 1000000
0       0       0       1000000
0       0       0       2000000
0       0       0       1000000
0       0       0       1000000
0       0       1000000 1000000
0       1000000 0       1000000
0       0       0       2000000
0       0       1000000 1000000
0       0       1000000 1000000
0       1000000 0       1000000
0       0       1000000 1000000
0       1001000 0       2000000
1000000 0       1000000 1000000
0       0       0       1000000
0       0       0       1000000
0       0       0       1000000
0       0       1000000 1000000
0       0       1000000 1000000
0       0       1000000 1000000
0       1000000 0       1001000
0       0       0       1000000
0       0       0       1000000
0       0       0       1000000
1000000 0       1000000 1000000
0       0       0       1000000
0       0       0       2000000
0       1000000 0       2000000
0       0       1000000 1000000
0       0       1000000 1000000
0       0       1000000 1000000
0       0       1000000 1001000
0       0       1000000 1000000
1000000 0       1000000 1001000
1000000 0       1000000 2000000
0       0       0       19002000
0       0       1000000 2000000
0       1000000 0       2001000
0       0       0       1000000
1000000 0       0       1000000
0       0       1000000 1000000
0       0       0       1000000
0       0       0       1000000
0       0       1000000 1000000
1000000 0       1000000 1000000
0       0       1000000 1001000
0       1000000 0       1000000
0       0       0       1000000
0       1000000 0       1001000
0       1000000 0       2000000
1000000 1000000 0       1000000
0       0       0       2000000
1000000 0       1000000 1000000
0       1001000 0       1000000
0       1000000 0       1000000
0       0       1000000 2000000
0       0       0       2000000
0       1000000 0       2000000
0       0       0       1000000
1000000 0       0       2000000
0       0       0       2000000
1000000 0       0       2000000
0       0       0       2000000
1000000 0       1000000 1000000
1000000 0       0       1000000
0       0       0       1000000
0       0       0       2000000
0       1000000 0       2000000
0       1000000 1000000 2000000
0       0       1000000 2001000
0       0       1000000 1000000
0       1000000 0       1001000
0       0       1000000 1000000
1000000 1000000 0       2001000
0       0       1000000 1000000
0       0       0       2000000
1000000 0       0       2000000
0       0       0       1000000
1000000 0       0       1001000
1000000 0       0       1000000
1000000 0       0       2000000
0       0       1000000 1000000
0       1000000 0       1000000
1000000 0       1000000 1001000
0       0       1000000 1000000
1000000 0       0       1000000
0       0       0       2000000