Ins min Ins max Ins middle      Extract
0       0       1000000 0
0       0       0       1000000
0       0       1000000 1000000
0       0       0       0
0       0       0       1000000
0       0       0       1000000
0       0       0       1000000
0       0       1000000 0
1000000 0       1000000 0
0       0       0       1000000
0       0       1000000 0
0       1000000 0       0
1000000 0       0       1000000
0       0       1000000 0
0       1000000 0       1000000
0       0       0       1000000
0       0       0       0
0       0       0       1000000
0       0       1000000 0
0       0       0       0
0       1000000 0       1000000
0       0       0       1000000
0       0       0       0
1000000 0       0       1001000
0       0       0       1000000
0       0       1000000 0
1000000 0       0       1000000
0       0       0       0
0       0       0       0
0       0       0       0
1000000 0       0       1000000
0       0       1000000 0
0       0       1000000 0
0       0       0       1000000
0       0       0       1000000
0       0       0       0
0       0       0       0
0       1000000 0       0
1000000 0       0       1000000
0       0       0       1001000
0       0       1000000 1000000
0       0       0       1000000
0       0       1000000 0
0       0       0       1000000
0       0       0       1000000
0       0       0       1000000
0       0       0       0
0       0       1000000 0
0       1000000 0       0
1000000 0       0       1000000
0       0       0       1000000
0       0       0       0
0       1000000 0       1000000
1000000 0       0       1000000
0       0       0       1000000
0       0       0       0
0       1000000 0       0
0       0       0       1000000
0       0       1000000 0
1000000 0       0       1000000
0       0       0       1000000
0       0       0       1000000
0       0       0       1000000
0       0       0       1000000
0       0       1000000 0
0       1001000 0       0
1000000 0       0       1000000
0       0       0       1000000
0       0       0       1000000
0       0       0       1000000
0       0       0       1000000
0       0       0       1000000
0       0       1000000 0
0       0       1000000 0
0       0       0       0
0       0       0       1000000
0       0       1001000 0
0       0       0       1000000
1000000 0       0       1000000
0       0       0       1000000
0       0       0       1000000
0       0       1000000 122007000
0       0       0       1000000
0       0       0       1000000
1000000 0       0       1000000
0       0       0       0
1000000 1000000 0       1000000
0       1000000 0       1000000
0       0       0       0
0       0       0       1000000
0       0       0       1000000
0       0       0       1000000
0       0       0       1000000
0       0       0       1000000
0       0       0       1000000
0       0       0       1000000
0       0       0       1000000
0       0       0       1000000
0       0       0       1000000
0       0       1000000 0
