Ins min Ins max Ins middle      Extract
0       0       1000000 2000000
1000000 0       0       2000000
0       0       1000000 2000000
0       0       1000000 2001000
0       1000000 0       3000000
0       0       1000000 2000000
0       0       1001000 2000000
0       1000000 0       2000000
0       1001000 0       3000000
0       0       1000000 2000000
1000000 1000000 0       3000000
0       1000000 0       2000000
1000000 0       1000000 2000000
0       0       0       3000000
1000000 0       0       2000000
0       0       0       2000000
0       0       1000000 2000000
1000000 1000000 0       3000000
0       0       1001000 2000000
0       0       0       2000000
1000000 0       1000000 2000000
0       1000000 0       2000000
0       1000000 1000000 5000000
1000000 1000000 0       3000000
1000000 1000000 0       4000000
1000000 0       1000000 3000000
1000000 1000000 1000000 3000000
1000000 0       0       3000000
1000000 1000000 0       3000000
0       1000000 0       2000000
1000000 0       0       2000000
1000000 0       0       2000000
1000000 1000000 0       3000000
0       1000000 0       3001000
1000000 0       0       3000000
0       0       1000000 2000000
1000000 0       1000000 2000000
0       1000000 1000000 3000000
1000000 0       0       2001000
1000000 0       0       3000000
0       1000000 0       2000000
0       0       1000000 3000000
1001000 0       1000000 2000000
1000000 0       1000000 3001000
0       1000000 0       2000000
0       1000000 1000000 2000000
0       1000000 0       2000000
0       1000000 0       2000000
0       1000000 0       3000000
0       1000000 0       2000000
0       1000000 0       3000000
0       1001000 0       4000000
1000000 0       1000000 2001000
0       1000000 0       2000000
0       0       1000000 2000000
1000000 0       1000000 2001000
1000000 1000000 0       2000000
0       0       0       2000000
1000000 0       0       3000000
0       1001000 1000000 2000000
0       0       1000000 3001000
0       0       1000000 3001000
1000000 1000000 0       3000000
1000000 0       1000000 2000000
0       1000000 0       3000000
1001000 0       1000000 3000000
1000000 0       1000000 2001000
0       1000000 0       2000000
0       0       1000000 3000000
0       1000000 0       2000000
0       1001000 1000000 2000000
0       0       1000000 3001000
0       0       1000000 2000000
0       1000000 1000000 2000000
0       1000000 1000000 2000000
1000000 0       0       2000000
1000000 1000000 0       4001000
1000000 0       1000000 3001000
1000000 0       0       3000000
0       1000000 1000000 2000000
0       1000000 1000000 3000000
1000000 0       0       2000000
1001000 0       0       3000000
1000000 0       1000000 2000000
1001000 0       1000000 3000000
0       1001000 1000000 3000000
0       1001000 0       3000000
1000000 0       1000000 2000000
1000000 0       0       3000000
0       1000000 0       4000000
1000000 1000000 0       2001000
1000000 0       1000000 2000000
1000000 0       1000000 3000000
1000000 0       0       2000000
0       1001000 1000000 2000000
1000000 0       1000000 2000000
1000000 0       1000000 2000000
1000000 0       1000000 2000000
1000000 0       1000000 2000000
1000000 0       1000000 2000000