Array - 500000 elements
Add F   Add L   Ins     Rem F   Rem L   Rem IND
2001000 2000000 2000000 2000000 3000000 2000000
2000000 3000000 3000000 2000000 3000000 3001000
2000000 2000000 2000000 2000000 3001000 2000000
2000000 2000000 2000000 2000000 3000000 2000000
2000000 2000000 2000000 2000000 3000000 2000000
2000000 2000000 3001000 2000000 3000000 2000000
2000000 2001000 2000000 2000000 3000000 2000000
2000000 2000000 2000000 2000000 4000000 2000000
2000000 2000000 2000000 2000000 3000000 3001000
1000000 2000000 2000000 2000000 3000000 3001000
2000000 2000000 2000000 2000000 4001000 2000000
2000000 3000000 2000000 2000000 3000000 2000000
2000000 3000000 2000000 3001000 4000000 3000000
2000000 3000000 2000000 2000000 3000000 3000000
2000000 2000000 2000000 2000000 4000000 2000000
2000000 2000000 2000000 1000000 3000000 3001000
2000000 2000000 2000000 2000000 3000000 3000000
1000000 2000000 2000000 2000000 3001000 2000000
2000000 2000000 3000000 2001000 3000000 3000000
2000000 3000000 2000000 2001000 3000000 3000000
2000000 2000000 2000000 2001000 2000000 3000000
1000000 2000000 2001000 2000000 3000000 3000000
2000000 2000000 2001000 2000000 4000000 3000000
2000000 2001000 2000000 3000000 3000000 2000000
2000000 2000000 2000000 2000000 3000000 3000000
2000000 2000000 2000000 1000000 2000000 2000000
1000000 2000000 3000000 2000000 4000000 3001000
2000000 2000000 2000000 2000000 3000000 2000000
2000000 3000000 2000000 2000000 3001000 2000000
2000000 3000000 2000000 2000000 3001000 2000000
3000000 2000000 2000000 1000000 3000000 2000000
2000000 2000000 2001000 2000000 3000000 2000000
2000000 2001000 2000000 2000000 3000000 2000000
2000000 2000000 2000000 1000000 3000000 3000000
2001000 2000000 2000000 2000000 4000000 3000000
2000000 2000000 2000000 2000000 3000000 3001000
2000000 2000000 2000000 2000000 3000000 3001000
2000000 2000000 2000000 2000000 3001000 2000000
2000000 2000000 3000000 2000000 4001000 2000000
2000000 2000000 2001000 2000000 4000000 2000000
2000000 3001000 2000000 2000000 3000000 3000000
2001000 2000000 2000000 2000000 3000000 3000000
2000000 2000000 2000000 2000000 4000000 3001000
2000000 2000000 3000000 2000000 3001000 3000000
2000000 3000000 2000000 2000000 3001000 3000000
2000000 2000000 2000000 2001000 3000000 2000000
2000000 2000000 2001000 2000000 4000000 2000000
2000000 2001000 2000000 1000000 3000000 2000000
2001000 2000000 2000000 2000000 3000000 3000000
2000000 2000000 2000000 2000000 3000000 3001000
2000000 2000000 2000000 1000000 4001000 2000000
2000000 2000000 2000000 2000000 3000000 2000000
2000000 2000000 2000000 1000000 3000000 3000000
2000000 2000000 2000000 2000000 3000000 3000000
2000000 2000000 2000000 1000000 4000000 3000000
2000000 2000000 2000000 1000000 3000000 2000000
2000000 2000000 2000000 2000000 3000000 3001000
2000000 3000000 2000000 2000000 3001000 3000000
2000000 2000000 2000000 2001000 3000000 2000000
2000000 2000000 2001000 2000000 4000000 3000000
2000000 2001000 2000000 2000000 4000000 3000000
2000000 2001000 2000000 2000000 4000000 3000000
2001000 2000000 2000000 2000000 3000000 2000000
2000000 2000000 2000000 2000000 4000000 2000000
2000000 2000000 2000000 2000000 4000000 3001000
2000000 2000000 2000000 2000000 3001000 2000000
3000000 2000000 2000000 2000000 3001000 2000000
2000000 2000000 2000000 2001000 4000000 3000000
2000000 2000000 2000000 2001000 3000000 3000000
2000000 2000000 2001000 2000000 3000000 2000000
2000000 2001000 3000000 2000000 3000000 3000000
2001000 2000000 2000000 2000000 3000000 2000000
2000000 2000000 2000000 2000000 3000000 2000000
2000000 2000000 2000000 2000000 3000000 3001000
2000000 3000000 2000000 3000000 2001000 3000000
2000000 2000000 2000000 2001000 3000000 2000000
2000000 2000000 2000000 2000000 3000000 2000000
2000000 2000000 2001000 2000000 3000000 3000000
2000000 2001000 2000000 2000000 2000000 2000000
2000000 2000000 2000000 2000000 2000000 2000000
2001000 2000000 2000000 1000000 3000000 2000000
2000000 3000000 2000000 2000000 3000000 2000000
2000000 3000000 2000000 2000000 3000000 2000000
2000000 2000000 2000000 2000000 3000000 2000000
2000000 2000000 2000000 2000000 2001000 3000000
2000000 2000000 2000000 2001000 3000000 3000000
2000000 2000000 2000000 2000000 3000000 3000000
2000000 2000000 2001000 2000000 4000000 2000000
2000000 2000000 2001000 2000000 3000000 3000000
2000000 3001000 2000000 2000000 3000000 3000000
2000000 3001000 2000000 2000000 3000000 3000000
2001000 2000000 3000000 2000000 4000000 3000000
3001000 2000000 2000000 2000000 3000000 2000000
2000000 3000000 2001000 2000000 3000000 3000000
2000000 2001000 2000000 2000000 3000000 3000000
1000000 2001000 2000000 2000000 4000000 2000000
2001000 2000000 2000000 2000000 3000000 2000000
2001000 2000000 2000000 2000000 3000000 3000000
1000000 2000000 2000000 1000000 3000000 2000000
2000000 2000000 3000000 2000000 3000000 2000000