Add F   Add L   Ins     Rem F   Rem L   Rem IND
2000000 2000000 2001000 2000000 2000000 2000000
2000000 2000000 2000000 2001000 2000000 2000000
2000000 2000000 3000000 2000000 2001000 2000000
2000000 2000000 3000000 2000000 3000000 2001000
2000000 2000000 2000000 2000000 2000000 2000000
2000000 2001000 2000000 2000000 3000000 2000000
2000000 2000000 3001000 2000000 2000000 2000000
2000000 2000000 2000000 2000000 2001000 2000000
2000000 2000000 2000000 2000000 2000000 2001000
2000000 2000000 2000000 2000000 2000000 2000000
2000000 2001000 2000000 2000000 2000000 2000000
2000000 2000000 2001000 2000000 2000000 2000000
2000000 2000000 2000000 2001000 3000000 2000000
2000000 2000000 2000000 2000000 2000000 2001000
2000000 2000000 2000000 2000000 3000000 2000000
1001000 2000000 2000000 2000000 2000000 2000000
2000000 3001000 2000000 2000000 3000000 2000000
3000000 3000000 2001000 2000000 2000000 2000000
2000000 2000000 3000000 2001000 2000000 2000000
2000000 3000000 2000000 2000000 3000000 2001000
1000000 2000000 2000000 2000000 2000000 2000000
2001000 2000000 2000000 2000000 2000000 2000000
2000000 2000000 2000000 2000000 2000000 2000000
1000000 2000000 2001000 2000000 3000000 2000000
2000000 2000000 2000000 2000000 2001000 2000000
2000000 2000000 2000000 2000000 3000000 2001000
2000000 2000000 2000000 1000000 2000000 2000000
1000000 2001000 3000000 1000000 2000000 2000000
2000000 2000000 2001000 2000000 2000000 2000000
2000000 2000000 2000000 2000000 2001000 2000000
2000000 3000000 2000000 2000000 2000000 2001000
2000000 2000000 2000000 2000000 2000000 2001000
2000000 2000000 2000000 2000000 2000000 2000000
2000000 3001000 2000000 2000000 2000000 2000000
2000000 3000000 2001000 2000000 3000000 2000000
2000000 2000000 2000000 2000000 2001000 2000000
2000000 2000000 2000000 2000000 2000000 3001000
2000000 2000000 2000000 2000000 2000000 2000000
2000000 2001000 2000000 2000000 2000000 2000000
2000000 2000000 2001000 2000000 2000000 2000000
2000000 2000000 2000000 2000000 2001000 2000000
2000000 3000000 2000000 2000000 2000000 3001000
2000000 2000000 2000000 2000000 3000000 2000000
2000000 3001000 2000000 2000000 2000000 2000000
2000000 2000000 2000000 2001000 3000000 2000000
2000000 3000000 2000000 2000000 2001000 2000000
2000000 2000000 2000000 2000000 2000000 2001000
2000000 2000000 3000000 2000000 2000000 3000000
2000000 2001000 2000000 2000000 2000000 2000000
2000000 2000000 2000000 1000000 2000000 2000000
2000000 3000000 2000000 2000000 2000000 2000000
1000000 2000000 2000000 2000000 2000000 2000000
2000000 2001000 3000000 2000000 2000000 2000000
2000000 2000000 2001000 2000000 2000000 2000000
2000000 2000000 2000000 2000000 2001000 2000000
2000000 2000000 2000000 2000000 2000000 2001000
2000000 2000000 2000000 2000000 2000000 2000000
2000000 2001000 2000000 2000000 2000000 2000000
2000000 2000000 2000000 2001000 3000000 2000000
2000000 2000000 2000000 2000000 3001000 2000000
3000000 2000000 2000000 2000000 2001000 2000000
2000000 2000000 2000000 2000000 2000000 2000000
1001000 2000000 3000000 2000000 2000000 2000000
2000000 2001000 2000000 2000000 3000000 2000000
2000000 2000000 2001000 2000000 3000000 2000000
2000000 3000000 2000000 2000000 3001000 2000000
2000000 2000000 2000000 2000000 2000000 2000000
1000000 2000000 2000000 1000000 2000000 2000000
2001000 2000000 2000000 2000000 2000000 2000000
2000000 3001000 2000000 2000000 3000000 2000000
2000000 3000000 2000000 2001000 2000000 2000000
2000000 2000000 2000000 2000000 3001000 2000000
2000000 3000000 2000000 2000000 2000000 2000000
2001000 2000000 2000000 2000000 2000000 2000000
2000000 3001000 2000000 2000000 2000000 2000000
2000000 2000000 2000000 2001000 2000000 2000000
2000000 2000000 2000000 2000000 3001000 2000000
2000000 3000000 2000000 2000000 2000000 2000000
2000000 2000000 2000000 2000000 2000000 2000000
1000000 2000000 2000000 2000000 2000000 2000000
2000000 3000000 2001000 2000000 2000000 2000000
2000000 3000000 2000000 2001000 2000000 3000000
2000000 2000000 2000000 2000000 2000000 2001000
1000000 2000000 2000000 2000000 2000000 2000000
2001000 2000000 2000000 2000000 2000000 2000000
2000000 3000000 2001000 2000000 2000000 2000000
2000000 2000000 3000000 2001000 2000000 2000000
2000000 2000000 2000000 2000000 2000000 2001000
2000000 2000000 2000000 1000000 2000000 2000000
2001000 2000000 2000000 2000000 2000000 2000000
2000000 2000000 3001000 2000000 2000000 3000000
2000000 2000000 2000000 2001000 3000000 2000000
2000000 3000000 2000000 2000000 2001000 2000000
2000000 2000000 2000000 2000000 2000000 2000000
2000000 2000000 2000000 2000000 2000000 2000000
2000000 2001000 2000000 2000000 2000000 3000000
2000000 3000000 2001000 2000000 2000000 2000000
2000000 2000000 2000000 2000000 2001000 2000000
2000000 2000000 2000000 2000000 2000000 2001000
2000000 2000000 2000000 2000000 2000000 2000000
