AIns min        Ins max Ins middle      Extract
0       0       0       2000000
0       0       0       1000000
1000000 0       0       1001000
0       0       1000000 1000000
1000000 0       0       1000000
0       0       1000000 1000000
0       1000000 0       1000000
0       1000000 0       1000000
0       0       0       1000000
1000000 0       0       1000000
0       0       0       1001000
0       0       0       1000000
0       1000000 0       1000000
0       0       0       2000000
0       0       0       1000000
0       0       0       1000000
0       0       1000000 1000000
0       0       1000000 1000000
1001000 0       0       1000000
0       0       1000000 1000000
0       1000000 0       1000000
0       1000000 0       1000000
1000000 0       0       1000000
0       0       0       1000000
0       0       1000000 1000000
0       0       1000000 1000000
0       0       0       1000000
1000000 0       0       1000000
0       0       1000000 1000000
0       1000000 0       1000000
1000000 0       1000000 1000000
0       1000000 0       1000000
0       0       0       1000000
1000000 0       0       1001000
0       0       1000000 1000000
0       1000000 0       1000000
1000000 0       0       1000000
1000000 0       0       1000000
0       0       1000000 1000000
0       0       0       1000000
0       0       1000000 1001000
0       0       1000000 1000000
0       0       0       1000000
1000000 0       0       1000000
1000000 0       0       1000000
0       0       0       1000000
0       1000000 0       1000000
0       0       0       1000000
1000000 0       0       2001000
0       0       0       1000000
0       0       0       1000000
1000000 0       0       1000000
1000000 0       1000000 1000000
0       0       0       1000000
0       0       0       1000000
0       0       0       2000000
0       0       1001000 1000000
0       0       0       1000000
1000000 0       0       1000000
1000000 0       0       1000000
0       0       0       1000000
0       0       0       1000000
0       0       0       1000000
0       0       0       1000000
0       0       1001000 1000000
0       0       1000000 1000000
0       1000000 0       1000000
1000000 0       0       1000000
0       0       0       1000000
0       0       1000000 1000000
0       0       1000000 1000000
0       0       1000000 1000000
0       1001000 0       1000000
0       0       0       1000000
1000000 0       0       1000000
1000000 0       0       1000000
1000000 0       0       1000000
0       0       1000000 1000000
0       0       1000000 1000000
0       1000000 0       1001000
0       1000000 0       1000000
1000000 0       0       1000000
0       0       0       1000000
0       0       1000000 1000000
0       0       0       1000000
0       0       0       1000000
1000000 0       0       1000000
1000000 0       0       1001000
0       0       0       2000000
0       0       1000000 1000000
0       1000000 0       1000000
1000000 0       0       1000000
1000000 0       0       1000000
0       0       0       1000000
0       0       1000000 1000000
0       0       0       1001000
0       0       0       1000000
0       0       0       2000000
0       1000000 0       1000000
0       0       1000000 1000000
LIns min        Ins max Ins middle      Extract
1000000 2000000 1000000 7848449000
0       2000000 1000000 7380422000
1000000 1000000 1001000 7397423000
0       1000000 2000000 7334419000
1000000 2001000 1000000 7320418000
0       1001000 1000000 7340419000
0       1000000 1000000 7281416000
0       1000000 2001000 7315418000
1000000 2000000 1000000 7381422000
1001000 1000000 1000000 7288417000
1000000 1000000 1000000 7324419000
0       2000000 1000000 7250415000
0       2000000 1000000 7297417000
1001000 2000000 1000000 7307418000
1000000 1000000 1000000 7301418000
1000000 1000000 2000000 7295417000
0       1000000 1000000 7269416000
0       1000000 1000000 7305418000
0       1000000 2001000 7293417000
0       2000000 1000000 7295417000
0       1000000 1000000 7283416000
1000000 2000000 1000000 7307418000
0       1000000 2001000 7313418000
1000000 2000000 1000000 7291417000
1000000 2000000 1000000 7293418000
0       1000000 2000000 7310418000
1000000 1000000 1000000 7320419000
1000000 2000000 1000000 7297418000
0       2000000 2000000 7286417000
0       2000000 1000000 7317419000
1000000 1000000 1000000 7286417000
0       2000000 1000000 7281416000
0       1000000 1000000 7282416000
1000000 1000000 1000000 7291417000
0       1000000 1000000 7318419000
0       2000000 1000000 7284416000
1000000 1000000 1000000 7304418000
0       1000000 1000000 7330419000
1000000 2000000 1000000 7286417000
1000000 1000000 1000000 7273416000
0       2001000 2000000 7247414000
0       2000000 1000000 7328420000
1000000 1000000 1000000 7295417000
1000000 1000000 2000000 7291417000
0       1000000 1000000 7297417000
1000000 1000000 2000000 7305418000
0       1000000 2000000 7327420000
0       1000000 2000000 7302418000
1000000 1000000 2000000 7299417000
1000000 2000000 1001000 7308418000
1000000 2000000 1000000 7304418000
1000000 1000000 2000000 7339420000
1000000 1000000 1000000 7291417000
1000000 2000000 1000000 7314419000
1000000 1000000 2000000 7295417000
0       1000000 2000000 7315419000
0       1000000 2000000 7333420000
0       1000000 1000000 7329419000
0       1000000 2000000 7324419000
1000000 1001000 1000000 7310418000
0       1000000 1000000 7336420000
0       1000000 2000000 7353421000
0       1000000 2000000 7322419000
0       1000000 2000000 7275416000
0       1000000 1000000 7308418000
1001000 2000000 1000000 7297417000
1000000 1000000 1000000 7304418000
1000000 1000000 1000000 7274416000
1001000 1000000 1000000 7285416000
0       1000000 2000000 7309418000
0       1000000 2000000 7303418000
1000000 1000000 1000000 7326419000
0       1000000 1000000 7314419000
0       1000000 1000000 7326419000
1000000 1000000 1000000 7340420000
0       1000000 1000000 7290417000
0       1000000 2000000 7325419000
1000000 1000000 1000000 7303418000
0       1000000 2000000 7341420000
0       1000000 2000000 7360421000
0       1000000 1000000 7324419000
1000000 1001000 2000000 7318418000
0       2000000 1000000 7312419000
0       1000000 1000000 7323419000
0       1000000 2000000 7321419000
0       2000000 1000000 7329419000
1000000 2001000 1000000 7315418000
0       1000000 1000000 7349421000
1000000 1000000 1000000 7343420000
1000000 1000000 1000000 7310418000
1000000 1000000 2001000 7309418000
0       2000000 1000000 7333419000
1000000 2001000 1000000 7309418000
1000000 1000000 1000000 7317419000
1000000 1000000 1000000 7349420000
0       1000000 2001000 7299417000
0       1000000 1000000 7321419000
0       2000000 1000000 7321419000
0       1000000 1000000 7322419000
0       2000000 1001000 7356420000
