Ins min Ins max Ins middle      Extract
1000000 1000000 2000000 4000000
1000000 1000000 1000000 4000000
1000000 2000000 1000000 4000000
1000000 1000000 1000000 4000000
1000000 1000000 1000000 4000000
1000000 2001000 1000000 5000000
1000000 1000000 2000000 4000000
1000000 1001000 1000000 4000000
1000000 2000000 1000000 5000000
1001000 1000000 2000000 4000000
2000000 1000000 2000000 4000000
2001000 1000000 1000000 4000000
1000000 1000000 1000000 4000000
1000000 1000000 1000000 4000000
1000000 2000000 1000000 4000000
2001000 1000000 1000000 4000000
1000000 1000000 1000000 4000000
1000000 1000000 1000000 4000000
1000000 1000000 1000000 4000000
2001000 1000000 1000000 4000000
1000000 2000000 1000000 4000000
1000000 2000000 1000000 5000000
1000000 1000000 1000000 4000000
1000000 1000000 1000000 4000000
1000000 2000000 1000000 4001000
1000000 2000000 1000000 4000000
2000000 1000000 2000000 4001000
1000000 1000000 2000000 4000000
1000000 1000000 1000000 4001000
2000000 1000000 2000000 4000000
1000000 1000000 2000000 4001000
1000000 1000000 1000000 4000000
1000000 1000000 2001000 4000000
1000000 1000000 1000000 5000000
2000000 1000000 1000000 4001000
1000000 1000000 1000000 4000000
1000000 1000000 1001000 4000000
1000000 1000000 1000000 4000000
2000000 1000000 1000000 5001000
1000000 1000000 1000000 4000000
2000000 1000000 1000000 4001000
1000000 2000000 1000000 4000000
2000000 1000000 1000000 4001000
1000000 1000000 1000000 4000000
1000000 1000000 1000000 5001000
1000000 2000000 1000000 4000000
1000000 1000000 2000000 4001000
1000000 2000000 1000000 4000000
1000000 1000000 1000000 5001000
1000000 2000000 1000000 4000000
1000000 1000000 1000000 5001000
1000000 1000000 1000000 4000000
1000000 1000000 2000000 6001000
1000000 1000000 2000000 4000000
1000000 1000000 1000000 4000000
1000000 1000000 2000000 4000000
1000000 1000000 1001000 4000000
1000000 1000000 2000000 4000000
2000000 1001000 1000000 4000000
1000000 1000000 1000000 4000000
1000000 2001000 1000000 4000000
1000000 1000000 2000000 4000000
1000000 1001000 1000000 4000000
2000000 1000000 1000000 4000000
1000000 2001000 1000000 4000000
1000000 1000000 2000000 4000000
1000000 1000000 1000000 4000000
1000000 1000000 1000000 4000000
1000000 1001000 1000000 4000000
1000000 1000000 1000000 4000000
1000000 2001000 1000000 4000000
1000000 1000000 1000000 4000000
1001000 2000000 1000000 6000000
1000000 1000000 1000000 4000000
1000000 2000000 1000000 5000000
1000000 1000000 1000000 4000000
2000000 1000000 2000000 4000000
2001000 1000000 1000000 4000000
1000000 1000000 1000000 5000000
1001000 1000000 2000000 4000000
1000000 1000000 1000000 4001000
1000000 2000000 1000000 5000000
1000000 2000000 1000000 4001000
1000000 2000000 1000000 4000000
1000000 2000000 1000000 4001000
1000000 1000000 1000000 4000000
1000000 2000000 1000000 4001000
1000000 2000000 1000000 4000000
1000000 1000000 1000000 4001000
1000000 1000000 2000000 4000000
2000000 1000000 1000000 4001000
1000000 1000000 1000000 4000000
1000000 1000000 1000000 4000000
1000000 1000000 1000000 4000000
1000000 2001000 1000000 4000000
1000000 1000000 2000000 4000000
1001000 1000000 1000000 4000000
2000000 1000000 1000000 5000000
2001000 1000000 2000000 4000000
1000000 1000000 2000000 4000000
