Add F   Add L   Ins     Rem F   Rem L   Rem IND
0       2000000 1000000 0       2000000 2000000
0       2000000 1000000 0       3001000 1000000
0       3000000 1000000 0       2000000 1000000
0       3000000 1000000 0       3001000 1000000
0       3000000 1000000 0       2000000 1000000
0       2000000 1000000 0       2000000 1001000
0       2000000 2000000 0       2000000 1000000
0       2000000 2000000 0       2000000 2001000
0       2000000 2000000 0       2000000 1000000
0       2000000 2000000 0       3000000 1000000
0       2000000 1000000 0       2000000 1000000
0       2000000 1000000 0       2001000 2000000
0       2000000 1000000 0       2000000 2000000
0       2000000 1000000 0       2000000 1001000
0       2000000 1000000 0       2000000 1000000
0       2000000 1000000 0       2000000 1001000
0       3000000 1000000 0       3000000 1000000
0       2000000 1000000 0       2000000 2000000
0       2001000 1000000 0       2000000 1000000
0       2000000 1000000 0       2000000 2000000
0       2000000 1001000 0       2000000 1000000
0       2000000 1000000 0       2000000 1000000
0       2000000 1000000 0       2001000 1000000
0       2000000 2000000 0       2000000 1000000
0       2000000 1000000 0       2001000 1000000
0       2000000 1000000 0       2000000 1000000
0       3000000 1000000 0       2000000 1001000
0       2000000 1000000 0       2000000 1000000
0       2000000 1000000 0       2000000 2000000
0       2001000 2000000 0       2000000 1000000
0       2000000 2000000 0       2000000 1000000
0       3001000 1000000 0       2000000 1000000
0       3000000 1000000 0       2000000 1000000
0       2000000 1001000 0       3000000 1000000
0       2000000 1000000 0       2000000 2000000
0       2000000 1000000 0       2001000 1000000
0       2000000 1000000 0       3000000 1000000
0       2000000 1000000 0       2001000 1000000
0       2000000 1000000 0       2000000 1000000
0       3000000 1000000 0       2001000 1000000
0       2000000 1000000 0       2000000 2000000
0       2000000 1000000 0       2000000 1000000
0       2000000 1000000 0       2000000 1000000
0       2000000 1000000 0       2000000 1001000
0       2000000 2000000 0       3000000 1000000
0       3000000 1000000 0       2000000 1000000
0       2001000 1000000 0       3000000 1000000
0       3000000 1000000 0       2000000 1000000
0       2000000 1000000 0       2000000 2000000
0       3000000 1000000 0       2000000 1000000
0       2000000 1000000 0       2000000 1000000
0       2000000 1000000 0       2000000 1000000
0       2000000 1000000 0       2001000 1000000
0       2000000 2000000 0       2000000 1000000
0       2000000 1000000 0       2000000 2001000
0       2000000 2000000 0       2000000 1000000
0       2000000 2000000 0       3001000 1000000
0       3000000 1000000 0       3000000 1000000
0       2000000 1000000 0       2000000 1001000
0       3000000 1000000 0       3000000 1000000
0       2000000 1000000 0       3000000 1000000
0       3001000 1000000 0       2000000 1000000
0       2000000 2000000 0       2000000 2000000
0       2001000 2000000 0       2000000 1000000
0       2000000 1000000 0       3000000 1000000
0       2001000 2000000 0       2000000 1000000
0       2000000 2000000 0       2000000 1000000
0       2000000 1001000 0       3000000 1000000
0       2000000 1000000 0       2000000 2000000
0       2000000 1001000 0       2000000 2000000
0       2000000 1000000 0       2000000 1000000
0       2000000 1000000 0       2001000 1000000
0       2000000 1000000 0       2000000 1000000
0       2000000 2000000 0       2000000 1001000
0       2000000 2000000 0       2000000 1000000
0       2000000 1000000 0       2000000 2000000
0       2001000 1000000 0       2000000 1000000
0       2000000 1000000 0       2000000 1000000
0       2001000 2000000 0       2000000 2000000
0       2000000 1000000 0       2000000 1000000
0       2001000 1000000 0       2000000 2000000
0       2000000 2000000 0       2000000 1000000
0       2000000 1001000 0       2000000 1000000
0       2000000 1000000 0       2000000 1000000
0       2000000 2001000 0       2000000 1000000
0       2000000 1000000 0       2000000 1000000
0       2000000 1000000 0       2000000 1000000
0       2000000 1000000 0       2000000 1000000
0       2000000 1000000 0       3001000 1000000
0       3000000 1000000 0       2000000 1000000
0       3000000 1000000 0       2000000 2001000
0       3000000 1000000 0       2000000 2000000
0       2000000 1000000 0       2000000 1000000
0       2000000 1000000 0       2000000 2000000
0       2000000 1000000 0       2000000 1000000
0       3001000 1000000 0       2000000 1000000
0       2000000 1000000 0       2000000 1000000
0       3001000 1000000 0       2000000 2000000
0       3000000 1000000 0       2000000 1000000
0       3001000 1000000 0       3000000 1000000